s=[];
%polus
s1(:,:,1)=f000505.F;
%calcar superior
s1(:,:,2)=f003118.F;
s1(:,:,3)=f008488.F;
s1(:,:,4)=f018914.F;
%calcar bottom
s1(:,:,5)=f007023.F;
s1(:,:,6)=f010640.F;
s1(:,:,7)=f029021.F;
%calcar low
s1(:,:,8)=f003625.F;
s1(:,:,9)=f012348.F;
s1(:,:,10)=f023663.F;
%occipitotemp margin
s1(:,:,11)=f014446.F;
s1(:,:,12)=f008919.F;
%occipitotemp bottom
s1(:,:,13)=f019479.F;
s1(:,:,14)=f021422.F;
%roland anterior
s1(:,:,21)=f080938.F;
s1(:,:,22)=f097355.F;
s1(:,:,23)=f107907.F;
%roland bottom
s1(:,:,18)=f068542.F;
s1(:,:,19)=f071133.F;
s1(:,:,20)=f082514.F;
%roland posterior
s1(:,:,15)=f067235.F;
s1(:,:,16)=f078603.F;
s1(:,:,17)=f090269.F;
%silvian margin
s1(:,:,24)=f050569.F;
s1(:,:,25)=f074124.F;
s1(:,:,26)=f103416.F;
%silvian bottom
s1(:,:,27)=f069051.F;
s1(:,:,28)=f082754.F;
%nscript;